10

-543.590000	52.630000	90.960000	62.210000	-78.630000	-56.430000	79.210000	7.970000	-23.880000	-34.210000	
14.820000	-446.950000	-13.960000	29.470000	-21.770000	54.130000	25.150000	73.320000	47.730000	31.560000	
-23.720000	-11.550000	55.840000	94.260000	-74.290000	-5.670000	4.100000	-41.230000	-459.250000	-26.350000	
-12.430000	56.870000	72.930000	-56.290000	54.940000	-94.960000	33.620000	-642.490000	-83.380000	17.370000	
-61.650000	61.830000	20.520000	-597.970000	88.300000	-3.490000	-36.240000	85.000000	44.410000	48.750000	
-32.420000	3.330000	-78.590000	-53.950000	87.580000	63.840000	-45.600000	66.950000	9.580000	-556.400000	
-16.230000	-51.090000	-45.850000	-99.020000	567.760000	96.930000	97.790000	3.250000	-27.010000	-90.290000	
-76.890000	93.530000	-691.810000	-99.250000	-63.460000	79.580000	-20.980000	-59.990000	-1.230000	29.840000	
-89.800000	-37.100000	64.170000	-95.760000	-83.100000	-669.710000	-76.450000	-3.200000	-31.940000	-43.270000	
93.280000	-14.230000	38.370000	11.580000	-70.040000	-56.040000	460.320000	10.740000	14.270000	35.990000	

-36.220000
-46.840000
16.920000
75.250000
18.500000
-49.950000
-51.740000
91.100000
49.010000
95.210000
